kqs81.jpg 1 89 392 393 5
shitou63.jpg 140 115 227 183 6
dianc83.jpg 204 173 297 231 4
tudou152.jpg 376 237 516 327 3
dianc24.jpg 217 108 334 205 4
ylg110.jpg 118 232 313 421 7
88hlb.jpg 506 99 619 245 0
kqs101.jpg 97 60 378 394 5
tudou37.jpg 331 107 420 237 3
ylg11.jpg 144 108 511 410 7
1blb.jpg 229 166 308 234 1
152hlb.jpg 274 149 398 251 0
150blb.jpg 283 127 395 241 1
22blb.jpg 100 2 200 85 1
dianc37.jpg 186 184 267 239 4
52blb.jpg 199 74 293 163 1
kqs90.jpg 139 212 523 421 5
kqs117.jpg 188 90 510 414 5
shitou52.jpg 257 120 323 178 6
155blb.jpg 161 14 275 113 1
ylg131.jpg 148 203 347 419 7
ylg138.jpg 345 226 572 418 7
tudou42.jpg 279 262 376 336 3
62td.jpg 282 231 394 345 3
89hlb.jpg 509 98 611 250 0
25hlb.jpg 230 226 391 352 0
44blb.jpg 23 120 129 213 1
111blb.jpg 179 192 293 296 1
kqs39.jpg 86 143 432 430 5
shitou61.jpg 335 175 397 222 6
shitou107.jpg 233 138 378 206 6
106cp.jpg 468 125 564 225 2
14cp.jpg 319 175 464 295 2
ylg16.jpg 140 95 502 408 7
129blb.jpg 196 78 305 181 1
4hlb.jpg 374 236 496 353 0
kqs52.jpg 1 125 528 361 5
tudou154.jpg 309 150 491 265 3
49td.jpg 162 70 250 160 3
41blb.jpg 255 32 353 119 1
ylg74.jpg 8 55 503 341 7
shitou17.jpg 344 150 398 202 6
ylg99.jpg 218 126 636 394 7
ylg36.jpg 41 61 487 352 7
tudou43.jpg 279 258 379 337 3
142blb.jpg 322 152 434 263 1
tudou116.jpg 197 93 334 230 3
dianc38.jpg 183 181 272 236 4
shitou125.jpg 278 93 397 206 6
67hlb.jpg 272 92 413 211 0
kqs49.jpg 1 126 569 352 5
kqs128.jpg 218 108 593 405 5
tudou103.jpg 154 106 314 216 3
20blb.jpg 311 170 414 273 1
shitou32.jpg 293 133 370 208 6
shitou94.jpg 200 175 260 221 6
kqs50.jpg 1 127 540 368 5
shitou97.jpg 398 154 468 204 6
tudou76.jpg 228 217 347 307 3
88blb.jpg 275 237 402 339 1
101hlb.jpg 369 92 495 239 0
121hlb.jpg 241 68 364 158 0
dianc18.jpg 411 107 515 201 4
shitou114.jpg 295 131 401 206 6
106blb.jpg 218 54 323 164 1
shitou51.jpg 258 123 329 186 6
37hlb.jpg 228 139 365 285 0
ylg67.jpg 13 58 501 351 7
63cp.jpg 204 44 373 259 2
tudou73.jpg 227 215 358 309 3
60blb.jpg 294 160 410 265 1
shitou102.jpg 252 143 358 224 6
tudou149.jpg 377 235 516 325 3
44cp.jpg 142 186 333 360 2
kqs125.jpg 226 101 601 399 5
60td.jpg 96 88 208 183 3
tudou135.jpg 245 253 369 326 3
24cp.jpg 290 76 416 201 2
kqs51.jpg 1 125 543 369 5
ylg38.jpg 41 59 490 354 7
64blb.jpg 325 235 427 353 1
19hlb.jpg 337 158 513 278 0
shitou3.jpg 362 95 424 156 6
dianc23.jpg 224 110 321 209 4
dianc68.jpg 203 98 328 166 4
104hlb.jpg 270 218 357 360 0
82cp.jpg 378 51 523 163 2
61td.jpg 230 164 335 254 3
dc147.jpg 221 73 393 226 4
cipian9.jpg 270 127 436 231 2
141hlb.jpg 201 147 318 258 0
32hlb.jpg 163 145 324 242 0
3hlb.jpg 268 232 383 344 0
ylg95.jpg 80 211 407 419 7
3cp.jpg 325 221 434 286 2
kqs123.jpg 205 87 606 392 5
149blb.jpg 209 155 340 271 1
117cp.jpg 343 163 427 260 2
kqs98.jpg 6 44 338 406 5
129hlb.jpg 260 162 380 277 0
kqs109.jpg 125 79 530 388 5
shitou79.jpg 316 144 379 197 6
53blb.jpg 197 75 303 172 1
39cp.jpg 237 90 458 257 2
21blb.jpg 318 175 428 268 1
ylg9.jpg 206 171 547 420 7
tudou59.jpg 200 197 408 325 3
ylg40.jpg 38 61 492 353 7
7blb.jpg 105 33 205 127 1
tudou118.jpg 194 102 343 229 3
shitou12.jpg 333 146 398 204 6
shitou139.jpg 272 107 390 197 6
ylg53.jpg 75 208 348 420 7
shitou33.jpg 290 133 372 211 6
tudou83.jpg 262 202 388 283 3
shitou27.jpg 362 204 426 261 6
dianc60.jpg 424 63 524 185 4
shitou130.jpg 286 170 394 256 6
kqs132.jpg 68 210 526 405 5
cipian16.jpg 232 128 380 231 2
tudou90.jpg 255 204 390 276 3
94cp.jpg 425 141 525 244 2
ylg60.jpg 164 231 473 420 7
ylg22.jpg 119 190 356 421 7
103hlb.jpg 375 1 479 118 0
dianc106.jpg 247 184 364 254 4
18td.jpg 193 58 295 139 3
ylg119.jpg 18 137 453 349 7
ylg83.jpg 218 199 514 421 7
shitou7.jpg 215 45 326 121 6
5hlb.jpg 375 236 491 352 0
cipian8.jpg 203 82 374 203 2
33td.jpg 235 246 339 356 3
shitou128.jpg 287 167 394 261 6
110cp.jpg 385 147 454 239 2
ylg8.jpg 127 219 472 420 7
40td.jpg 219 31 301 126 3
133blb.jpg 301 176 412 281 1
10cp.jpg 259 142 359 239 2
97cp.jpg 391 129 490 225 2
90cp.jpg 381 102 514 253 2
tudou92.jpg 268 203 374 283 3
tudou137.jpg 255 250 369 336 3
shitou88.jpg 150 162 202 208 6
tudou157.jpg 306 153 490 265 3
27blb.jpg 141 86 244 184 1
140hlb.jpg 208 149 312 254 0
kqs116.jpg 105 75 489 408 5
ylg43.jpg 18 176 402 383 7
59hlb.jpg 152 172 295 313 0
tudou60.jpg 207 202 390 311 3
dianc54.jpg 323 151 407 236 4
kqs143.jpg 123 247 476 403 5
dianc11.jpg 152 114 266 183 4
dc125.jpg 303 86 433 256 4
kqs108.jpg 121 113 569 388 5
kqs89.jpg 164 282 499 403 5
ylg31.jpg 221 175 439 423 7
kqs107.jpg 112 67 546 386 5
22hlb.jpg 271 226 416 327 0
22cp.jpg 111 112 261 253 2
145blb.jpg 289 216 405 314 1
116cp.jpg 473 181 565 246 2
47cp.jpg 207 192 453 317 2
79hlb.jpg 146 6 277 109 0
ylg104.jpg 220 129 639 394 7
72hlb.jpg 315 151 473 247 0
ylg75.jpg 8 59 501 345 7
ylg120.jpg 17 138 449 352 7
ylg134.jpg 158 203 350 420 7
ylg89.jpg 89 219 402 423 7
9blb.jpg 273 31 362 120 1
shitou2.jpg 262 171 310 219 6
ylg121.jpg 17 137 449 349 7
tudou45.jpg 279 259 378 337 3
shitou99.jpg 393 151 470 203 6
ylg21.jpg 215 178 443 418 7
66cp.jpg 304 85 567 240 2
shitou43.jpg 276 147 352 200 6
shitou23.jpg 216 108 320 177 6
tudou36.jpg 340 106 415 238 3
ylg88.jpg 230 200 510 419 7
tudou39.jpg 286 258 369 335 3
dc140.jpg 236 1 363 131 4
110blb.jpg 199 163 305 284 1
kqs97.jpg 1 63 345 387 5
29td.jpg 315 120 428 205 3
99hlb.jpg 374 209 542 315 0
tudou160.jpg 293 160 484 249 3
44hlb.jpg 336 128 459 290 0
53hlb.jpg 293 168 426 300 0
dianc26.jpg 230 106 342 199 4
21cp.jpg 252 162 399 296 2
152blb.jpg 209 220 344 336 1
dianc66.jpg 208 98 327 172 4
63blb.jpg 317 236 436 349 1
shitou25.jpg 224 115 316 181 6
93cp.jpg 478 217 586 334 2
kqs105.jpg 139 106 545 381 5
112hlb.jpg 291 149 441 290 0
85cp.jpg 132 119 292 250 2
156blb.jpg 106 38 216 129 1
dianc22.jpg 226 117 329 202 4
140blb.jpg 313 118 419 207 1
64hlb.jpg 230 125 361 267 0
ylg116.jpg 18 138 453 354 7
shitou1.jpg 260 172 319 219 6
shitou40.jpg 178 58 318 142 6
ylg58.jpg 197 261 465 421 7
62blb.jpg 87 41 198 135 1
shitou62.jpg 331 171 399 218 6
dianc58.jpg 416 65 535 188 4
kqs91.jpg 155 255 500 405 5
ylg145.jpg 347 230 572 419 7
ylg103.jpg 217 125 636 392 7
21hlb.jpg 334 123 485 224 0
ylg139.jpg 352 234 572 419 7
ylg107.jpg 111 221 303 420 7
134blb.jpg 327 32 412 110 1
29cp.jpg 370 178 456 268 2
shitou137.jpg 263 108 389 208 6
kqs55.jpg 1 128 530 356 5
tudou125.jpg 218 295 310 377 3
ylg68.jpg 14 54 495 347 7
dianc27.jpg 225 100 346 196 4
tudou150.jpg 402 225 506 325 3
shitou56.jpg 266 138 339 191 6
dianc117.jpg 402 64 545 209 4
kqs37.jpg 80 156 442 424 5
kqs96.jpg 131 251 509 415 5
kqs78.jpg 2 77 396 387 5
ylg6.jpg 133 220 470 421 7
dianc17.jpg 229 122 363 195 4
shitou100.jpg 261 136 360 234 6
ylg81.jpg 261 187 523 420 7
shitou122.jpg 259 92 381 204 6
kqs68.jpg 1 129 548 349 5
100hlb.jpg 366 89 488 233 0
kqs95.jpg 96 263 538 410 5
dianc92.jpg 223 53 347 132 4
shitou135.jpg 250 118 406 196 6
24blb.jpg 36 71 134 162 1
tudou100.jpg 405 324 499 417 3
kqs74.jpg 1 81 427 385 5
45blb.jpg 27 116 131 224 1
105cp.jpg 467 127 553 213 2
kqs30.jpg 66 146 435 430 5
115blb.jpg 229 107 327 208 1
92hlb.jpg 274 34 407 166 0
shitou68.jpg 353 131 443 190 6
115cp.jpg 470 174 563 249 2
67blb.jpg 167 107 290 210 1
30hlb.jpg 317 124 497 247 0
tudou87.jpg 267 205 388 277 3
49hlb.jpg 417 153 565 285 0
11blb.jpg 85 47 183 128 1
shitou120.jpg 91 88 253 188 6
cipian10.jpg 270 120 415 228 2
kqs135.jpg 70 212 531 410 5
70blb.jpg 99 13 197 122 1
58td.jpg 215 72 317 171 3
dianc33.jpg 226 104 325 196 4
111cp.jpg 430 98 508 200 2
144hlb.jpg 346 129 450 245 0
shitou14.jpg 339 149 393 198 6
tudou128.jpg 218 286 305 389 3
shitou77.jpg 306 143 386 197 6
137hlb.jpg 370 66 496 182 0
68cp.jpg 220 134 475 279 2
shitou55.jpg 261 144 343 193 6
cipian23.jpg 239 112 378 234 2
kqs122.jpg 206 104 611 402 5
35blb.jpg 239 172 355 279 1
kqs86.jpg 1 93 398 398 5
114hlb.jpg 329 65 429 147 0
ylg72.jpg 8 56 503 346 7
shitou131.jpg 257 54 441 118 6
dianc6.jpg 412 127 485 219 4
kqs145.jpg 102 250 495 418 5
21td.jpg 176 258 293 349 3
17td.jpg 219 209 325 300 3
tudou88.jpg 262 206 393 277 3
tudou126.jpg 206 287 307 385 3
tudou133.jpg 247 245 372 336 3
138hlb.jpg 348 219 448 327 0
dianc123.jpg 236 109 323 230 4
15hlb.jpg 287 176 389 294 0
shitou10.jpg 293 68 370 138 6
tudou66.jpg 398 123 553 208 3
kqs118.jpg 256 116 611 400 5
15blb.jpg 332 171 430 273 1
66blb.jpg 175 103 288 207 1
tudou140.jpg 303 318 386 381 3
kqs36.jpg 90 138 445 426 5
shitou59.jpg 333 167 393 219 6
shitou117.jpg 294 134 402 212 6
45hlb.jpg 333 118 459 277 0
cipian18.jpg 235 131 383 223 2
ylg122.jpg 140 308 391 427 7
118cp.jpg 348 168 426 257 2
69cp.jpg 227 135 471 281 2
dianc105.jpg 250 169 352 245 4
71hlb.jpg 317 134 399 284 0
50blb.jpg 310 155 414 261 1
46hlb.jpg 370 109 500 261 0
shitou144.jpg 318 165 379 231 6
tudou143.jpg 304 332 394 381 3
shitou60.jpg 332 172 404 219 6
dianc61.jpg 424 63 532 186 4
147blb.jpg 142 6 240 83 1
43cp.jpg 92 156 265 360 2
108blb.jpg 272 199 389 324 1
tudou111.jpg 182 88 357 235 3
61blb.jpg 87 42 205 149 1
dianc72.jpg 216 92 329 172 4
73cp.jpg 237 93 439 220 2
ylg44.jpg 12 177 403 384 7
32cp.jpg 339 107 418 194 2
dianc12.jpg 156 112 265 173 4
63hlb.jpg 337 139 489 280 0
92blb.jpg 334 100 445 201 1
ylg54.jpg 74 204 344 420 7
shitou109.jpg 372 130 482 209 6
kqs1.jpg 108 56 380 417 5
shitou54.jpg 251 116 328 183 6
81blb.jpg 249 86 355 182 1
kqs121.jpg 227 110 611 401 5
kqs3.jpg 103 50 383 437 5
kqs12.jpg 1 65 260 401 5
96cp.jpg 401 134 502 235 2
20cp.jpg 261 154 402 307 2
ylg17.jpg 188 147 519 421 7
13cp.jpg 360 137 454 212 2
136blb.jpg 158 95 278 204 1
122hlb.jpg 344 208 477 325 0
dianc45.jpg 377 151 460 259 4
tudou151.jpg 395 233 520 324 3
dianc52.jpg 330 146 406 238 4
91blb.jpg 286 227 403 338 1
kqs62.jpg 1 131 540 357 5
114blb.jpg 172 13 271 106 1
kqs149.jpg 133 257 487 407 5
51hlb.jpg 283 82 434 214 0
79blb.jpg 383 46 482 149 1
shitou0.jpg 259 166 328 220 6
kqs140.jpg 63 227 501 408 5
dianc85.jpg 208 174 279 231 4
cipian1.jpg 205 108 368 235 2
31blb.jpg 52 191 171 309 1
dc152.jpg 212 53 364 212 4
tudou124.jpg 218 292 310 388 3
cipian4.jpg 215 86 374 207 2
kqs57.jpg 1 134 552 352 5
45cp.jpg 150 187 325 360 2
ylg150.jpg 142 56 640 238 7
70cp.jpg 275 21 428 162 2
tudou94.jpg 271 197 388 285 3
69blb.jpg 375 214 484 329 1
kqs66.jpg 1 119 541 360 5
kqs34.jpg 67 151 442 427 5
dianc122.jpg 192 122 304 228 4
116blb.jpg 323 202 445 310 1
shitou87.jpg 147 158 202 211 6
shitou48.jpg 171 91 253 165 6
kqs92.jpg 161 273 518 411 5
ylg86.jpg 233 200 505 421 7
134hlb.jpg 269 180 392 298 0
ylg65.jpg 12 58 453 351 7
dianc3.jpg 266 147 365 197 4
123hlb.jpg 370 209 479 323 0
kqs84.jpg 1 97 415 397 5
cipian30.jpg 254 170 364 261 2
kqs8.jpg 1 63 276 386 5
60hlb.jpg 468 247 609 360 0
dianc103.jpg 375 154 434 221 4
shitou101.jpg 254 131 363 226 6
ylg87.jpg 234 201 512 421 7
ylg129.jpg 154 200 353 420 7
tudou156.jpg 306 149 478 253 3
ylg84.jpg 227 200 514 421 7
ylg64.jpg 59 97 445 369 7
148blb.jpg 235 131 347 226 1
kqs20.jpg 93 228 591 411 5
dianc43.jpg 363 152 459 246 4
76blb.jpg 345 13 440 105 1
dianc41.jpg 236 60 390 187 4
cipian27.jpg 244 116 372 221 2
34blb.jpg 71 46 177 136 1
tudou129.jpg 217 291 319 380 3
tudou58.jpg 189 199 404 314 3
51cp.jpg 227 158 401 360 2
ylg5.jpg 129 215 475 418 7
dc136.jpg 257 37 387 206 4
dc151.jpg 176 57 328 226 4
tudou95.jpg 409 318 488 419 3
141blb.jpg 122 53 217 151 1
ylg143.jpg 344 233 564 418 7
ylg19.jpg 231 196 555 420 7
24hlb.jpg 244 226 387 360 0
16hlb.jpg 346 138 465 270 0
kqs100.jpg 110 55 393 392 5
109blb.jpg 204 78 299 168 1
shitou92.jpg 202 169 269 215 6
77blb.jpg 141 22 250 118 1
ylg49.jpg 88 197 363 422 7
dianc53.jpg 328 143 408 226 4
shitou142.jpg 358 182 437 241 6
74hlb.jpg 175 183 308 320 0
shitou38.jpg 212 58 321 133 6
shitou89.jpg 145 164 209 208 6
102hlb.jpg 377 1 470 113 0
dianc77.jpg 427 74 488 179 4
121blb.jpg 238 203 344 306 1
kqs56.jpg 1 117 532 355 5
cipian2.jpg 208 110 366 236 2
shitou58.jpg 253 144 341 193 6
ylg76.jpg 263 190 537 423 7
shitou9.jpg 294 70 377 141 6
dc144.jpg 377 132 555 309 4
ylg47.jpg 12 177 398 385 7
tudou98.jpg 414 318 489 418 3
shitou11.jpg 299 67 364 146 6
68blb.jpg 172 109 287 207 1
kqs139.jpg 75 231 510 397 5
72blb.jpg 328 182 452 296 1
ylg20.jpg 221 185 553 420 7
ylg15.jpg 107 64 479 399 7
kqs99.jpg 62 57 359 399 5
ylg46.jpg 14 177 408 380 7
dianc16.jpg 246 126 351 192 4
shitou118.jpg 98 104 231 179 6
124hlb.jpg 257 66 354 168 0
shitou28.jpg 356 208 431 269 6
shitou50.jpg 173 83 249 159 6
tudou93.jpg 263 197 384 276 3
11cp.jpg 186 223 298 311 2
dianc69.jpg 204 91 323 164 4
97hlb.jpg 340 81 439 260 0
shitou19.jpg 411 116 518 198 6
shitou39.jpg 213 60 325 134 6
ylg13.jpg 99 61 469 395 7
kqs111.jpg 151 98 533 377 5
73hlb.jpg 315 159 477 260 0
3blb.jpg 271 190 405 306 1
dianc48.jpg 150 140 244 236 4
120blb.jpg 159 61 254 145 1
kqs136.jpg 60 231 497 401 5
118blb.jpg 63 19 161 106 1
kqs79.jpg 1 98 395 396 5
kqs131.jpg 85 206 494 421 5
kqs11.jpg 7 63 253 393 5
27hlb.jpg 370 137 461 271 0
tudou97.jpg 410 321 490 421 3
119blb.jpg 281 14 373 92 1
kqs144.jpg 91 245 512 421 5
dianc2.jpg 265 144 363 192 4
147hlb.jpg 359 255 471 360 0
ylg127.jpg 150 308 396 422 7
dianc76.jpg 434 78 495 188 4
tudou148.jpg 377 236 520 321 3
154blb.jpg 174 15 252 98 1
kqs61.jpg 1 116 543 355 5
tudou99.jpg 409 327 491 417 3
cipian21.jpg 249 129 385 243 2
24td.jpg 230 107 338 200 3
110hlb.jpg 328 141 452 276 0
tudou115.jpg 197 98 344 226 3
kqs129.jpg 235 93 594 410 5
dianc13.jpg 231 129 353 196 4
cipian3.jpg 206 103 367 231 2
13blb.jpg 330 166 434 268 1
91hlb.jpg 444 34 600 124 0
shitou148.jpg 234 117 330 210 6
86hlb.jpg 501 204 640 336 0
kqs40.jpg 1 49 633 290 5
18hlb.jpg 351 163 537 289 0
19td.jpg 218 92 310 176 3
96hlb.jpg 340 82 449 237 0
52td.jpg 124 86 232 178 3
42td.jpg 190 256 280 351 3
shitou147.jpg 318 169 384 238 6
shitou8.jpg 240 52 308 114 6
shitou65.jpg 149 123 226 196 6
ylg3.jpg 128 215 468 423 7
30cp.jpg 280 105 357 193 2
148hlb.jpg 324 191 447 296 0
dianc79.jpg 435 76 501 177 4
ylg128.jpg 148 200 354 421 7
tudou112.jpg 185 93 346 262 3
ylg125.jpg 145 309 396 427 7
48hlb.jpg 416 163 564 285 0
dianc104.jpg 246 165 357 252 4
shitou49.jpg 164 96 250 155 6
kqs35.jpg 77 142 442 424 5
ylg149.jpg 138 59 640 243 7
kqs7.jpg 1 64 265 391 5
71cp.jpg 263 25 442 151 2
dianc94.jpg 449 57 534 145 4
42hlb.jpg 385 244 562 343 0
36td.jpg 152 74 243 159 3
103cp.jpg 456 119 565 201 2
tudou50.jpg 262 302 410 369 3
kqs27.jpg 88 227 590 410 5
107blb.jpg 413 290 546 360 1
83cp.jpg 370 53 549 156 2
ylg61.jpg 150 208 473 414 7
dc149.jpg 196 46 348 219 4
dianc32.jpg 225 103 326 204 4
dc143.jpg 188 198 395 360 4
120cp.jpg 238 79 340 172 2
shitou15.jpg 338 140 396 204 6
tudou77.jpg 237 225 374 308 3
ylg102.jpg 218 128 638 392 7
5cp.jpg 320 39 417 98 2
78cp.jpg 93 57 231 163 2
tudou52.jpg 273 312 403 361 3
dianc19.jpg 411 97 506 209 4
133hlb.jpg 347 120 470 236 0
32blb.jpg 69 196 186 310 1
ylg106.jpg 115 229 309 421 7
dianc78.jpg 437 69 497 188 4
35cp.jpg 262 198 343 287 2
143blb.jpg 193 85 294 175 1
kqs134.jpg 54 206 510 404 5
tudou38.jpg 286 261 372 339 3
ylg94.jpg 85 204 418 420 7
dianc96.jpg 459 52 541 151 4
kqs45.jpg 1 125 551 353 5
tudou127.jpg 223 290 302 382 3
39blb.jpg 351 205 452 312 1
shitou18.jpg 423 139 492 216 6
kqs26.jpg 118 229 573 410 5
59blb.jpg 301 161 391 273 1
tudou101.jpg 408 326 500 418 3
shitou95.jpg 407 151 464 201 6
145hlb.jpg 351 130 453 239 0
56blb.jpg 116 55 222 155 1
dianc70.jpg 209 84 324 162 4
ylg96.jpg 80 211 406 419 7
shitou6.jpg 231 52 303 111 6
dianc71.jpg 214 96 325 170 4
98hlb.jpg 375 212 545 308 0
104blb.jpg 352 6 446 101 1
kqs104.jpg 118 57 482 389 5
ylg2.jpg 127 210 468 421 7
128hlb.jpg 265 159 375 293 0
kqs44.jpg 1 122 557 360 5
100cp.jpg 479 173 576 251 2
shitou119.jpg 99 88 244 189 6
102blb.jpg 135 59 259 160 1
tudou146.jpg 311 337 384 375 3
tudou136.jpg 243 258 377 331 3
shitou136.jpg 268 120 391 199 6
ylg63.jpg 83 130 481 390 7
90blb.jpg 177 13 279 103 1
105blb.jpg 146 138 271 254 1
ylg10.jpg 175 136 536 419 7
dianc87.jpg 214 167 288 232 4
shitou78.jpg 321 148 386 208 6
ylg112.jpg 128 230 337 420 7
26blb.jpg 46 74 143 167 1
dianc28.jpg 223 111 342 189 4
142hlb.jpg 342 174 454 303 0
ylg78.jpg 270 189 535 421 7
tudou82.jpg 265 203 376 280 3
87hlb.jpg 494 206 640 332 0
57hlb.jpg 226 220 379 353 0
tudou113.jpg 203 78 323 229 3
88cp.jpg 355 106 514 236 2
cipian19.jpg 242 136 376 229 2
dianc75.jpg 414 78 490 176 4
shitou85.jpg 302 128 369 187 6
dianc44.jpg 379 146 460 248 4
tudou65.jpg 413 113 546 216 3
dianc107.jpg 261 186 357 255 4
ylg37.jpg 40 61 489 359 7
55blb.jpg 305 212 405 324 1
kqs10.jpg 3 69 258 398 5
65hlb.jpg 234 126 357 263 0
dianc101.jpg 371 156 423 218 4
shitou106.jpg 246 140 367 206 6
84blb.jpg 250 76 362 175 1
dianc74.jpg 214 90 322 175 4
shitou34.jpg 230 165 294 228 6
kqs71.jpg 48 51 442 393 5
shitou86.jpg 303 126 369 185 6
41cp.jpg 197 21 412 185 2
tudou153.jpg 392 234 515 326 3
98blb.jpg 364 226 489 348 1
ylg12.jpg 126 86 499 415 7
dc132.jpg 314 126 479 298 4
123blb.jpg 230 80 328 168 1
shitou138.jpg 271 115 398 208 6
dc142.jpg 323 181 429 358 4
ylg48.jpg 8 176 402 381 7
kqs19.jpg 105 217 576 406 5
58blb.jpg 254 28 362 132 1
cipian20.jpg 250 128 374 237 2
139blb.jpg 288 129 394 249 1
dianc35.jpg 191 179 262 236 4
93hlb.jpg 275 40 413 155 0
tudou131.jpg 248 244 372 333 3
dianc4.jpg 262 145 369 193 4
cipian14.jpg 258 128 420 228 2
shitou121.jpg 104 97 249 194 6
17hlb.jpg 332 139 464 262 0
23hlb.jpg 270 228 423 336 0
kqs138.jpg 80 201 519 407 5
73blb.jpg 206 113 298 189 1
tudou44.jpg 287 263 376 337 3
tudou74.jpg 239 219 356 309 3
37cp.jpg 183 159 277 241 2
cipian7.jpg 219 81 376 198 2
kqs31.jpg 85 153 456 432 5
89cp.jpg 363 115 518 227 2
dianc109.jpg 279 120 405 235 4
kqs82.jpg 1 98 397 391 5
ylg7.jpg 137 225 467 420 7
tudou49.jpg 268 304 410 370 3
94hlb.jpg 295 219 464 357 0
tudou57.jpg 196 202 409 316 3
kqs106.jpg 105 71 548 397 5
dianc88.jpg 195 176 292 234 4
dc129.jpg 255 37 418 196 4
ylg124.jpg 143 306 395 423 7
dianc42.jpg 243 60 387 186 4
54hlb.jpg 341 177 469 296 0
shitou116.jpg 293 133 409 208 6
47hlb.jpg 378 108 508 256 0
kqs41.jpg 1 54 624 303 5
kqs5.jpg 114 59 379 441 5
ylg146.jpg 347 226 572 425 7
tudou53.jpg 277 313 409 372 3
51blb.jpg 375 196 472 306 1
97blb.jpg 171 53 285 152 1
kqs112.jpg 118 94 546 392 5
25blb.jpg 112 202 232 308 1
96blb.jpg 295 132 404 240 1
shitou126.jpg 267 88 380 205 6
ylg147.jpg 340 219 574 422 7
dc150.jpg 147 87 334 217 4
98cp.jpg 408 133 484 220 2
6hlb.jpg 364 240 487 355 0
cipian25.jpg 243 116 378 222 2
128blb.jpg 286 135 394 239 1
tudou102.jpg 143 106 308 215 3
79cp.jpg 92 60 229 164 2
dianc20.jpg 414 101 506 201 4
55cp.jpg 117 275 329 360 2
shitou134.jpg 266 43 446 120 6
4blb.jpg 150 106 251 202 1
ylg73.jpg 10 58 502 341 7
kqs69.jpg 1 126 565 346 5
cipian12.jpg 263 124 417 231 2
67cp.jpg 299 88 563 234 2
ylg123.jpg 140 301 395 422 7
101blb.jpg 342 45 454 144 1
77hlb.jpg 481 10 577 154 0
tudou54.jpg 275 308 407 368 3
kqs58.jpg 1 125 540 366 5
dianc91.jpg 231 55 339 131 4
6cp.jpg 304 267 391 337 2
23td.jpg 132 102 238 186 3
dianc50.jpg 160 142 252 234 4
shitou91.jpg 206 174 258 219 6
kqs75.jpg 1 77 405 398 5
dc141.jpg 320 179 436 360 4
dianc98.jpg 458 53 528 145 4
117hlb.jpg 278 157 419 266 0
100blb.jpg 386 219 504 333 1
dianc81.jpg 434 73 494 174 4
kqs115.jpg 94 187 514 409 5
kqs110.jpg 130 76 520 383 5
tudou144.jpg 302 313 389 386 3
shitou74.jpg 234 175 307 224 6
40blb.jpg 255 30 356 114 1
117blb.jpg 278 142 395 251 1
ylg66.jpg 7 56 451 346 7
31hlb.jpg 316 129 498 238 0
tudou134.jpg 246 255 374 331 3
dianc36.jpg 186 173 267 238 4
28cp.jpg 376 174 456 262 2
kqs76.jpg 1 83 399 393 5
shitou84.jpg 305 123 372 181 6
9cp.jpg 315 161 409 248 2
dianc120.jpg 409 63 545 204 4
87cp.jpg 209 166 362 306 2
dianc64.jpg 170 61 324 144 4
tudou114.jpg 185 96 344 227 3
46cp.jpg 219 185 462 320 2
75blb.jpg 383 133 493 256 1
25cp.jpg 287 74 417 204 2
48blb.jpg 196 94 288 194 1
2hlb.jpg 281 230 388 333 0
dianc30.jpg 230 102 329 204 4
82hlb.jpg 390 228 495 360 0
86cp.jpg 219 168 357 302 2
tudou56.jpg 215 203 393 317 3
shitou96.jpg 402 154 464 206 6
1cp.jpg 257 132 331 188 2
ylg85.jpg 233 197 508 418 7
tudou47.jpg 275 298 400 368 3
shitou53.jpg 248 122 334 178 6
146blb.jpg 203 97 316 194 1
53cp.jpg 292 98 470 251 2
tudou72.jpg 229 229 361 290 3
119hlb.jpg 388 73 481 173 0
62cp.jpg 200 48 355 272 2
80cp.jpg 287 210 454 323 2
31cp.jpg 275 108 361 194 2
dianc57.jpg 342 135 399 231 4
42cp.jpg 91 156 283 360 2
dianc67.jpg 215 91 323 169 4
shitou35.jpg 226 167 298 225 6
dianc97.jpg 455 58 525 141 4
ylg24.jpg 168 188 394 419 7
kqs38.jpg 80 150 432 426 5
ylg118.jpg 19 140 453 349 7
ylg109.jpg 120 231 313 420 7
93blb.jpg 93 137 207 244 1
dc145.jpg 332 58 472 228 4
kqs14.jpg 1 63 260 401 5
shitou44.jpg 272 149 349 206 6
151hlb.jpg 282 160 405 273 0
kqs119.jpg 189 96 615 395 5
dianc10.jpg 145 108 268 174 4
4cp.jpg 344 228 437 283 2
tudou104.jpg 144 114 309 221 3
kqs43.jpg 1 122 540 359 5
cipian28.jpg 245 171 362 258 2
shitou4.jpg 362 95 422 147 6
kqs142.jpg 100 245 499 411 5
dianc49.jpg 146 140 259 236 4
kqs22.jpg 89 216 589 406 5
shitou22.jpg 214 118 328 182 6
85blb.jpg 367 96 462 204 1
ylg52.jpg 73 206 346 420 7
146hlb.jpg 360 249 477 360 0
7cp.jpg 413 195 517 280 2
68hlb.jpg 344 147 492 255 0
cipian17.jpg 232 136 377 227 2
15td.jpg 93 176 189 260 3
dianc47.jpg 147 136 256 230 4
kqs0.jpg 86 57 374 423 5
shitou108.jpg 245 137 369 205 6
ylg152.jpg 144 65 640 233 7
shitou115.jpg 286 133 405 205 6
shitou141.jpg 354 175 450 257 6
26hlb.jpg 360 148 464 258 0
91cp.jpg 382 99 511 257 2
2cp.jpg 251 142 328 188 2
ylg25.jpg 244 177 456 420 7
shitou24.jpg 221 114 315 181 6
dc137.jpg 281 67 475 170 4
ylg91.jpg 94 223 399 422 7
136hlb.jpg 385 72 475 168 0
tudou158.jpg 291 157 477 254 3
kqs54.jpg 1 117 538 358 5
dianc29.jpg 229 107 327 201 4
ylg132.jpg 152 200 355 419 7
108cp.jpg 476 127 551 215 2
shitou5.jpg 362 91 419 165 6
92cp.jpg 481 218 581 335 2
26cp.jpg 249 212 336 298 2
112cp.jpg 427 106 516 188 2
ylg14.jpg 85 60 470 397 7
64cp.jpg 93 125 340 271 2
18cp.jpg 308 123 449 274 2
tudou130.jpg 250 251 370 335 3
dianc14.jpg 228 128 353 193 4
112blb.jpg 212 40 312 132 1
kqs94.jpg 133 246 527 407 5
cipian15.jpg 273 133 419 235 2
113cp.jpg 332 123 430 216 2
tudou108.jpg 140 113 313 215 3
ylg137.jpg 153 203 344 421 7
kqs147.jpg 121 253 483 413 5
tudou122.jpg 213 292 301 382 3
kqs15.jpg 1 61 260 407 5
shitou149.jpg 237 136 335 208 6
42blb.jpg 75 2 164 81 1
56cp.jpg 131 270 340 360 2
shitou143.jpg 363 184 440 256 6
kqs102.jpg 132 57 452 405 5
tudou121.jpg 214 299 313 378 3
157blb.jpg 83 37 212 120 1
61cp.jpg 251 56 476 219 2
153blb.jpg 211 214 340 333 1
kqs103.jpg 160 63 493 400 5
ylg93.jpg 80 211 420 417 7
69hlb.jpg 341 145 490 256 0
ylg117.jpg 16 138 449 349 7
16td.jpg 286 105 383 187 3
65cp.jpg 91 128 343 267 2
shitou67.jpg 147 125 230 181 6
29hlb.jpg 371 61 508 199 0
dc148.jpg 220 73 393 227 4
tudou91.jpg 265 198 371 278 3
shitou64.jpg 150 127 218 180 6
20hlb.jpg 340 129 484 242 0
tudou55.jpg 201 194 405 314 3
cipian29.jpg 254 173 377 257 2
ylg34.jpg 37 60 493 349 7
cipian11.jpg 264 118 420 230 2
shitou111.jpg 371 130 475 208 6
kqs137.jpg 67 218 505 412 5
dianc46.jpg 365 148 462 250 4
ylg18.jpg 216 181 539 421 7
dc127.jpg 299 85 429 254 4
tudou142.jpg 303 327 394 379 3
dianc21.jpg 223 112 325 201 4
tudou107.jpg 129 112 300 214 3
12hlb.jpg 377 160 491 284 0
46td.jpg 203 42 281 128 3
tudou147.jpg 383 237 520 327 3
60cp.jpg 242 43 489 210 2
107hlb.jpg 354 104 496 222 0
58hlb.jpg 147 174 296 311 0
dianc90.jpg 234 56 355 130 4
0hlb.jpg 310 117 408 212 0
dianc95.jpg 450 48 524 142 4
tudou84.jpg 234 202 401 287 3
shitou124.jpg 281 89 383 203 6
101cp.jpg 478 170 573 259 2
cipian0.jpg 213 115 353 224 2
kqs83.jpg 1 84 409 398 5
ylg33.jpg 38 61 491 352 7
131hlb.jpg 327 156 437 277 0
shitou73.jpg 242 177 303 224 6
tudou41.jpg 274 258 371 339 3
80blb.jpg 138 89 253 196 1
ylg92.jpg 84 216 414 420 7
ylg98.jpg 220 133 634 398 7
dc146.jpg 380 135 561 311 4
78blb.jpg 404 237 515 360 1
28hlb.jpg 382 58 508 208 0
shitou83.jpg 307 124 369 187 6
shitou75.jpg 253 177 306 228 6
